,word,agency,patiency,nsubj,nsubjpass,dobj,pobj
0,infant,4.393000000000001,7.272499999999999,1310,318,1280,2899
1,baby,4.7095,7.586,9575,1488,13927,11250
2,puppy,4.7415,7.0175,418,45,575,859
3,fetus,3.6155,5.366000000000001,152,33,146,331
4,kitten,4.618500000000001,6.583499999999999,482,41,622,1049
5,rabbit,4.231499999999999,5.947,1917,117,1753,2363
6,worm,3.2270000000000003,4.5465,965,105,981,2060
7,pig,4.4255,6.1795,1590,253,1899,3113
8,mouse,4.148999999999999,5.770499999999999,1753,136,1403,2972
9,lamb,4.3115000000000006,5.985999999999999,1185,161,1052,2513
10,sheep,4.12,5.721,1303,263,1868,3707
11,sail,3.3880000000000003,4.585000000000001,1190,452,3409,3208
12,pigeon,3.9635000000000007,5.391,695,85,666,1181
13,beetle,3.478,4.632999999999999,386,38,237,687
14,fox,4.750500000000001,6.359499999999999,3095,192,1194,2411
15,cow,4.614,6.2665,2512,336,3146,4084
16,chimpanzee,5.458,7.2535,216,16,78,263
17,fly,3.3650000000000007,4.421999999999999,1855,157,2259,3598
18,rate,4.258500000000001,5.71,10480,1983,10840,29775
19,frog,4.1655,5.527500000000002,876,54,769,1482
20,chicken,4.284000000000001,5.6545,1563,245,3511,3622
21,slaves,6.054,7.823,16,3,22,64
22,turkey,4.246500000000001,5.542000000000001,1280,176,1549,3601
23,cat,5.271500000000001,6.8675,5542,368,4261,7049
24,bird,4.7635,6.196000000000001,12447,919,6774,16351
25,horse,4.984499999999999,6.590499999999999,14617,2493,24673,29061
26,fish,4.046,5.2065,4592,783,6761,10324
27,goat,4.5360000000000005,5.935500000000001,824,98,1046,1440
28,elephant,5.440499999999999,7.027000000000001,1117,126,1077,1997
29,monkey,5.547000000000001,7.1095,1455,87,1053,2002
30,ant,3.902,4.8435,826,66,497,1467
31,fowl,4.296,5.331,301,58,361,918
32,snake,4.507000000000001,5.5725,1864,161,1608,3308
33,dog,5.765000000000001,7.318,13918,1059,11814,17946
34,stomach,3.637,4.4350000000000005,2517,168,2325,7574
35,primate,5.531000000000001,6.778000000000001,117,12,47,309
36,chin,2.6895,2.9155,1558,111,3506,5035
37,skin,3.5015,3.9645,5859,905,6320,14548
38,insect,4.051499999999999,4.712,1299,161,1024,3429
39,shark,4.979999999999999,5.913,810,58,478,1295
40,nose,3.1725000000000003,3.329,3312,461,8871,12916
41,sponge,2.3555,2.108,119,49,448,622
42,lettuce,2.329,2.066,113,22,273,544
43,drop,2.1774999999999998,1.814,2525,322,4874,4584
44,toe,3.1425000000000005,3.2215000000000003,1025,125,2381,4928
45,face,4.112499999999999,4.499499999999999,49139,5432,56776,118093
46,ghost,2.9884999999999997,2.776,2335,190,2363,4560
47,tail,2.8005,2.682,1834,258,4175,6122
48,leaf,2.5965,2.3645000000000005,749,200,1597,3216
49,boy,7.227500000000001,8.483,61950,3829,24048,44241
50,jews,7.132499999999999,8.308499999999999,2922,505,1372,5108
51,italians,7.085000000000001,8.177500000000002,1138,105,294,1009
52,cabbage,2.4065,2.0355,190,70,392,826
53,neck,3.339,3.2205000000000004,1984,404,8068,23373
54,tooth,3.207500000000001,3.122,4536,568,9997,12238
55,root,3.028,2.8674999999999997,2456,484,4610,7654
56,berry,2.4525,2.022,1470,136,1070,1702
57,immigrants,7.1245,8.253499999999999,8,3,3,33
58,stem,2.6615,2.236,570,143,862,2598
59,ear,3.3834999999999997,3.292,5514,828,12617,30198
60,mexicans,7.274499999999999,8.3955,822,62,280,932
61,nut,2.524,2.031,767,158,1721,1984
62,throat,3.701999999999999,3.713,2054,285,6904,13779
63,branch,2.7190000000000003,2.268,3762,858,4902,16980
64,coat,2.4635,1.8515,2642,602,11177,12417
65,knee,3.279000000000001,3.108,2790,152,4176,22247
66,cheese,2.3545,1.7554999999999996,473,131,1670,2807
67,cake,2.4725000000000006,1.8285,965,275,3987,4576
68,apple,2.6260000000000003,2.1055,1851,215,2866,3843
69,orange,2.514,2.0075000000000003,454,87,1106,2390
70,potato,2.6145000000000005,2.0940000000000003,857,190,2218,2925
71,circle,2.3509999999999995,1.6249999999999996,2200,421,4703,18796
72,catholics,6.995,7.785499999999999,1146,136,418,1782
73,japanese,7.1205,7.963000000000001,2709,186,755,2108
74,trousers,2.395,1.7625,4,0,6,9
75,cushion,2.3895,1.714,254,105,783,2651
76,rock,2.355,1.698,4665,811,5937,29534
77,button,2.443,1.7584999999999995,1013,230,5618,3639
78,heart,4.732,5.0120000000000005,36792,3727,32260,77001
79,hat,2.4744999999999995,1.8305,3725,677,18360,12178
80,africans,7.3715,8.305,546,92,179,735
81,line,2.5005000000000006,1.8035,15989,4353,31929,76941
82,frame,2.469,1.7925,1912,516,3147,9361
83,corpse,2.255,1.5579999999999998,749,306,1626,2710
84,lip,3.64,3.4295,12100,1195,15034,26964
85,girl,7.733,8.774000000000001,59540,3621,29856,50642
86,pocket,2.5725,1.857,761,211,2881,30699
87,hair,2.809,2.225,17978,3112,22214,32515
88,drawer,2.5165,1.8375,552,166,2269,5664
89,arabs,6.959999999999999,7.717500000000001,1181,100,358,1679
90,stamp,2.397,1.654,416,156,1841,1942
91,nail,2.5385,1.882,968,268,2274,3126
92,irishmen,7.3184999999999985,8.126500000000002,113,9,50,277
93,floor,2.5335,1.8625,3303,1455,7721,56043
94,spade,2.4985,1.8020000000000005,568,39,617,1009
95,bee,5.0735,5.303,2433,278,1262,3348
96,jewel,2.482,1.718,706,177,1532,2381
97,cucumber,2.627,1.93,65,8,175,319
98,feather,2.6155000000000004,1.8575,1191,191,1972,3790
99,basin,2.643,1.9225,446,151,802,3533
100,tea,2.6059999999999994,1.8905000000000003,1377,398,6967,9223
101,indians,7.447999999999999,8.231000000000002,8597,849,2979,12866
102,box,2.5935,1.804,3107,1099,12037,23311
103,island,3.0120000000000005,2.4530000000000003,3535,800,4444,32044
104,thumb,3.3599999999999994,3.029,621,68,2623,3510
105,skirt,2.5315,1.7025,1027,200,3198,4671
106,butter,2.5495,1.7705000000000006,842,161,1920,4083
107,puppet,2.7420000000000004,2.0274999999999994,311,38,331,629
108,arch,2.6105,1.832,863,199,868,3531
109,rod,2.493,1.7195,1158,279,2340,3308
110,tongue,4.1445,4.027000000000001,3774,422,7162,10329
111,muslims,7.237500000000002,7.986,377,43,190,596
112,curtain,2.512,1.725,3689,812,3779,6460
113,wing,2.9825,2.375,3051,527,6004,13081
114,collar,2.5449999999999995,1.7239999999999998,858,204,2285,4510
115,grandfather,7.757999999999998,8.636,5958,237,1113,3249
116,stick,2.538,1.7555000000000005,1288,250,5250,6892
117,egg,2.7985,2.1465,2213,703,7362,6724
118,ball,2.655,1.886,5136,720,12786,12531
119,plate,2.6339999999999995,1.874,1693,766,6147,12013
120,bucket,2.4705000000000004,1.6355,432,92,2116,2607
121,angle,3.062,2.391,1428,161,2057,8455
122,sock,2.5000000000000004,1.632,353,50,1515,1811
123,square,2.4935000000000005,1.6085,1065,315,2470,10927
124,muscle,4.0095,3.8465,3210,451,3733,5076
125,stocking,2.544,1.6895,476,122,1292,1868
126,shelf,2.693,1.905,613,222,1263,7737
127,foot,3.634,3.2644999999999995,12921,1491,27382,84970
128,bottle,2.6675000000000004,1.8715000000000008,1762,464,11277,9560
129,cup,2.697,1.811,2657,389,12692,9383
130,bath,2.764,2.0405000000000006,806,140,3193,4008
131,receipt,2.652,1.8095,748,182,1663,2454
132,grandmother,7.936999999999999,8.7435,4731,143,1211,3008
133,tray,2.564,1.6829999999999998,380,125,2760,3571
134,bell,2.5575,1.5879999999999996,7550,522,5697,6898
135,pot,2.7225,1.8455,1085,243,3821,5994
136,pin,2.696,1.802,657,152,2150,2656
137,glove,2.6090000000000004,1.6960000000000002,621,129,3550,3436
138,brush,2.7025,1.7534999999999996,856,148,2143,4480
139,kettle,2.6925,1.815,779,98,931,1406
140,british,7.3875,7.962999999999999,4195,251,947,3243
141,table,2.6925,1.718,4620,2193,11580,83140
142,boot,2.7520000000000007,1.8125,1633,230,4216,7028
143,head,5.093999999999999,4.9315,29183,3505,100182,100240
144,nerve,4.3475,4.016500000000001,2349,520,4547,4951
145,basket,2.6380000000000003,1.6954999999999998,766,267,4011,6077
146,ring,2.7155,1.7599999999999998,3165,596,9378,11492
147,spoon,2.675,1.6340000000000003,377,67,1470,1653
148,whip,2.7885000000000004,1.8555000000000004,532,75,1797,2303
149,cart,2.8195,1.896,945,191,1778,3604
150,woman,8.150499999999997,8.970000000000002,88019,6329,33923,86847
151,parcel,2.818,1.865,210,125,1126,1011
152,ticket,2.648,1.6215000000000004,1500,566,7983,5220
153,whistle,2.844,1.8195,1332,175,2060,1699
154,card,2.7765,1.7555,2498,722,12811,8856
155,net,2.8885,1.9425,1091,235,1977,3524
156,thread,2.8205000000000005,1.839,1082,363,2656,3542
157,tree,3.736,3.1454999999999997,11695,2009,11815,57695
158,dress,2.8155,1.719,3997,773,10314,17207
159,shirt,2.7895000000000003,1.7240000000000002,2031,404,7766,9141
160,eye,4.3575,3.895,90763,6576,90341,121289
161,bag,2.6990000000000003,1.622,2299,583,12680,13489
162,door,2.9160000000000004,1.919,23931,5720,58167,111178
163,screw,2.764,1.7685000000000002,396,121,815,954
164,coffee,2.9105,1.98,1612,305,9362,10686
165,comb,2.729,1.713,286,112,980,1246
166,band,5.0735,4.6755,5491,556,4665,11198
167,lock,2.8814999999999995,1.8635,1424,388,3299,4942
168,station,3.0285,2.026,3564,861,5663,27113
169,chess,2.694,1.5709999999999995,173,18,578,794
170,leg,3.769,3.1450000000000005,7914,1284,14622,19591
171,spring,2.9385,1.9335,3476,379,2869,19007
172,arm,4.0375,3.508,14089,2124,47449,65849
173,flag,3.007000000000001,1.9425,2377,769,5036,5052
174,garden,3.56,2.8629999999999995,2448,489,3966,21471
175,cord,2.8485,1.8105,735,317,2005,3084
176,bone,3.572,2.864,3361,910,5220,9956
177,rail,2.813,1.757,527,200,1327,6890
178,finger,3.884,3.2745,10423,646,21593,20589
179,bulb,2.9250000000000003,1.8775000000000008,616,149,834,1417
180,picture,3.1235,2.1005000000000007,9090,2042,25482,24255
181,drain,2.8875,1.7845,347,109,589,1373
182,shoe,2.9075,1.822,2959,487,8485,10658
183,plough,2.909,1.8185,161,34,280,549
184,mother,8.340499999999999,9.034,73618,2361,21195,43542
185,chocolate,2.935000000000001,1.8535,295,44,1030,1475
186,man,8.2655,9.0235,293805,23576,115282,293386
187,chain,2.9174999999999995,1.829,2259,513,4452,8750
188,fork,2.931,1.8235,387,68,1435,2420
189,carriage,2.8825,1.7614999999999998,2800,424,2733,7852
190,mom,8.295000000000002,8.908000000000001,8644,230,2000,2805
191,board,2.896499999999999,1.7259999999999998,10003,1417,6117,39129
192,mouth,4.528500000000001,4.057499999999999,8346,717,13169,34775
193,street,3.0355000000000003,1.9430000000000005,6820,1824,11962,86793
194,dad,8.243500000000001,8.820500000000001,11366,363,2144,3210
195,hook,2.7855,1.5744999999999998,896,197,2139,4982
196,umbrella,2.8475,1.6195000000000004,345,57,1433,1491
197,brick,2.986,1.8270000000000004,647,177,1303,3562
198,horn,2.9825000000000004,1.763,2008,216,3145,5262
199,house,3.3105,2.1915,30745,6573,44711,193456
200,seed,3.4835000000000003,2.535,1774,937,4211,4334
201,pipe,2.9545000000000003,1.743,1460,486,6411,6490
202,cloud,3.1425,2.0184999999999995,7692,495,4239,16015
203,bed,2.969,1.7145,3299,1100,8159,76872
204,knot,2.9240000000000004,1.6509999999999998,697,188,2025,3177
205,pump,3.02,1.757,713,158,1015,2167
206,key,2.9200000000000004,1.636,3190,437,11628,6159
207,window,3.156,1.9135,5653,1850,13183,65521
208,wall,2.9054999999999995,1.6334999999999995,8206,2639,10336,60337
209,father,8.3525,8.849499999999999,79104,2926,19958,47453
210,watch,3.162,1.811,1639,465,7892,9119
211,star,3.3705000000000007,2.2745,10002,943,7004,20024
212,scissors,3.0985,1.7314999999999998,9,0,4,21
213,pencil,3.1495,1.7505,624,81,2216,2823
214,wire,3.341499999999999,1.9975,1569,551,3154,7367
215,blade,3.1945,1.86,1700,270,2626,4064
216,roof,3.1025000000000005,1.7305,2070,569,2963,15651
217,brain,7.539499999999999,7.5684999999999985,5360,727,6899,14258
218,needle,3.1095,1.686,1124,205,2254,3346
219,hand,4.558999999999999,3.688,41396,4357,144925,199678
220,hammer,3.1835000000000004,1.8675,882,106,1505,2448
221,moon,3.4475,2.1365,8489,375,2288,12629
222,human,8.715,9.141,3078,182,1294,4799
223,oven,3.3085,1.902,297,52,596,3125
224,brake,3.4015,2.0155000000000003,479,82,1167,1529
225,map,3.427,1.9845,1592,398,4362,7326
226,boat,3.3715,1.9150000000000005,10353,2028,11601,24841
227,bridge,3.3999999999999995,1.903,2115,813,5116,14241
228,clock,3.245,1.7355,3257,251,2319,6074
229,pen,3.3040000000000007,1.7195,1459,184,4067,5849
230,match,3.414,1.866,1112,379,5151,4770
231,book,3.5695,1.9905,17264,4429,38010,61452
232,camera,3.6495,2.093,4579,353,4098,7315
233,knife,3.316499999999999,1.702,2345,364,8908,7670
234,wheel,3.4055,1.7175,2929,420,4627,11916
235,town,5.7995,4.846499999999999,8101,1477,9543,70742
236,library,3.989,2.389,2219,509,2578,14559
237,prison,4.492000000000001,3.0805,867,197,1364,15905
238,office,3.900000000000001,2.189,8457,1754,16771,74534
239,engine,3.771,2.2015,4412,785,4543,7337
240,god,6.930499999999999,6.14,45385,1390,17750,58528
241,army,7.2405,6.643000000000001,12756,2153,10736,32402
242,ship,3.66,1.7725000000000002,13216,2666,12656,28051
243,car,3.937500000000001,2.2085,16582,2689,25876,51578
244,farm,4.407500000000001,2.7875,2135,522,4272,14767
245,store,4.160000000000001,2.39,3871,698,7081,26732
246,plane,3.919000000000001,2.135,7130,1161,6218,14454
247,gun,3.7665,1.877,6013,1690,21995,17549
248,church,5.3125,3.6745,11468,1665,7704,51900
249,train,3.9505,1.9375,9699,1128,8931,17670
250,school,5.103999999999999,3.233,12845,2268,14837,86005
251,robot,4.634,2.3374999999999995,1374,106,843,1243
252,sun,4.477500000000001,2.3065,24865,775,4965,30369
253,computer,5.0175,2.284,2635,277,2380,5408
254,hospital,5.5995,2.9930000000000003,2476,434,2702,24927
